3  0.0 
e  1.0 -1.0   -0.5 -1.2 0.0  0.0 
H  1837.15263281 1.0  1.0   1.0   0.0  0.0 
H  1837.15263281 1.0  1.0   0.0  0.0  0.0 
3  0.0 
e  1.0 -1.0   -0.5 -1.2 0.0  0.0 
H  1837.15263281 1.0  1.0   1.2   0.0  0.0 
H  1837.15263281 1.0  1.0   0.0  0.0  0.0 
3  0.0 
e  1.0 -1.0   -0.5 -1.2 0.0  0.0 
H  1837.15263281 1.0  1.0   1.4   0.0  0.0 
H  1837.15263281 1.0  1.0   0.0  0.0  0.0 
3  0.0 
e  1.0 -1.0   -0.5 -1.2 0.0  0.0 
H  1837.15263281 1.0  1.0   1.6   0.0  0.0 
H  1837.15263281 1.0  1.0   0.0  0.0  0.0 
3  0.0 
e  1.0 -1.0   -0.5 -1.2 0.0  0.0 
H  1837.15263281 1.0  1.0   1.8   0.0  0.0 
H  1837.15263281 1.0  1.0   0.0  0.0  0.0 
3  0.0 
e  1.0 -1.0   -0.5 -1.2 0.0  0.0 
H  1837.15263281 1.0  1.0   2.0   0.0  0.0 
H  1837.15263281 1.0  1.0   0.0  0.0  0.0 
3  0.0 
e  1.0 -1.0   -0.5 -1.2 0.0  0.0 
H  1837.15263281 1.0  1.0   2.2   0.0  0.0 
H  1837.15263281 1.0  1.0   0.0  0.0  0.0 
3  0.0 
e  1.0 -1.0   -0.5 -1.2 0.0  0.0 
H  1837.15263281 1.0  1.0   2.4000000000000004   0.0  0.0 
H  1837.15263281 1.0  1.0   0.0  0.0  0.0 
3  0.0 
e  1.0 -1.0   -0.5 -1.2 0.0  0.0 
H  1837.15263281 1.0  1.0   2.6   0.0  0.0 
H  1837.15263281 1.0  1.0   0.0  0.0  0.0 
3  0.0 
e  1.0 -1.0   -0.5 -1.2 0.0  0.0 
H  1837.15263281 1.0  1.0   2.8   0.0  0.0 
H  1837.15263281 1.0  1.0   0.0  0.0  0.0 
3  0.0 
e  1.0 -1.0   -0.5 -1.2 0.0  0.0 
H  1837.15263281 1.0  1.0   3.0   0.0  0.0 
H  1837.15263281 1.0  1.0   0.0  0.0  0.0 
3  0.0 
e  1.0 -1.0   -0.5 -1.2 0.0  0.0 
H  1837.15263281 1.0  1.0   3.2   0.0  0.0 
H  1837.15263281 1.0  1.0   0.0  0.0  0.0 
3  0.0 
e  1.0 -1.0   -0.5 -1.2 0.0  0.0 
H  1837.15263281 1.0  1.0   3.4000000000000004   0.0  0.0 
H  1837.15263281 1.0  1.0   0.0  0.0  0.0 
3  0.0 
e  1.0 -1.0   -0.5 -1.2 0.0  0.0 
H  1837.15263281 1.0  1.0   3.6   0.0  0.0 
H  1837.15263281 1.0  1.0   0.0  0.0  0.0 
3  0.0 
e  1.0 -1.0   -0.5 -1.2 0.0  0.0 
H  1837.15263281 1.0  1.0   3.8000000000000003   0.0  0.0 
H  1837.15263281 1.0  1.0   0.0  0.0  0.0 
3  0.0 
e  1.0 -1.0   -0.5 -1.2 0.0  0.0 
H  1837.15263281 1.0  1.0   4.0   0.0  0.0 
H  1837.15263281 1.0  1.0   0.0  0.0  0.0 
3  0.0 
e  1.0 -1.0   -0.5 -1.2 0.0  0.0 
H  1837.15263281 1.0  1.0   4.2   0.0  0.0 
H  1837.15263281 1.0  1.0   0.0  0.0  0.0 
3  0.0 
e  1.0 -1.0   -0.5 -1.2 0.0  0.0 
H  1837.15263281 1.0  1.0   4.4   0.0  0.0 
H  1837.15263281 1.0  1.0   0.0  0.0  0.0 
3  0.0 
e  1.0 -1.0   -0.5 -1.2 0.0  0.0 
H  1837.15263281 1.0  1.0   4.6   0.0  0.0 
H  1837.15263281 1.0  1.0   0.0  0.0  0.0 
3  0.0 
e  1.0 -1.0   -0.5 -1.2 0.0  0.0 
H  1837.15263281 1.0  1.0   4.800000000000001   0.0  0.0 
H  1837.15263281 1.0  1.0   0.0  0.0  0.0 
3  0.0 
e  1.0 -1.0   -0.5 -1.2 0.0  0.0 
H  1837.15263281 1.0  1.0   5.0   0.0  0.0 
H  1837.15263281 1.0  1.0   0.0  0.0  0.0 
3  0.0 
e  1.0 -1.0   -0.5 -1.2 0.0  0.0 
H  1837.15263281 1.0  1.0   5.2   0.0  0.0 
H  1837.15263281 1.0  1.0   0.0  0.0  0.0 
3  0.0 
e  1.0 -1.0   -0.5 -1.2 0.0  0.0 
H  1837.15263281 1.0  1.0   5.4   0.0  0.0 
H  1837.15263281 1.0  1.0   0.0  0.0  0.0 
3  0.0 
e  1.0 -1.0   -0.5 -1.2 0.0  0.0 
H  1837.15263281 1.0  1.0   5.6000000000000005   0.0  0.0 
H  1837.15263281 1.0  1.0   0.0  0.0  0.0 
3  0.0 
e  1.0 -1.0   -0.5 -1.2 0.0  0.0 
H  1837.15263281 1.0  1.0   5.800000000000001   0.0  0.0 
H  1837.15263281 1.0  1.0   0.0  0.0  0.0 
3  0.0 
e  1.0 -1.0   -0.5 -1.2 0.0  0.0 
H  1837.15263281 1.0  1.0   6.0   0.0  0.0 
H  1837.15263281 1.0  1.0   0.0  0.0  0.0 
3  0.0 
e  1.0 -1.0   -0.5 -1.2 0.0  0.0 
H  1837.15263281 1.0  1.0   6.2   0.0  0.0 
H  1837.15263281 1.0  1.0   0.0  0.0  0.0 
3  0.0 
e  1.0 -1.0   -0.5 -1.2 0.0  0.0 
H  1837.15263281 1.0  1.0   6.4   0.0  0.0 
H  1837.15263281 1.0  1.0   0.0  0.0  0.0 
3  0.0 
e  1.0 -1.0   -0.5 -1.2 0.0  0.0 
H  1837.15263281 1.0  1.0   6.6000000000000005   0.0  0.0 
H  1837.15263281 1.0  1.0   0.0  0.0  0.0 
3  0.0 
e  1.0 -1.0   -0.5 -1.2 0.0  0.0 
H  1837.15263281 1.0  1.0   6.800000000000001   0.0  0.0 
H  1837.15263281 1.0  1.0   0.0  0.0  0.0 
3  0.0 
e  1.0 -1.0   -0.5 -1.2 0.0  0.0 
H  1837.15263281 1.0  1.0   7.0   0.0  0.0 
H  1837.15263281 1.0  1.0   0.0  0.0  0.0 
3  0.0 
e  1.0 -1.0   -0.5 -1.2 0.0  0.0 
H  1837.15263281 1.0  1.0   7.2   0.0  0.0 
H  1837.15263281 1.0  1.0   0.0  0.0  0.0 
3  0.0 
e  1.0 -1.0   -0.5 -1.2 0.0  0.0 
H  1837.15263281 1.0  1.0   7.4   0.0  0.0 
H  1837.15263281 1.0  1.0   0.0  0.0  0.0 
3  0.0 
e  1.0 -1.0   -0.5 -1.2 0.0  0.0 
H  1837.15263281 1.0  1.0   7.6000000000000005   0.0  0.0 
H  1837.15263281 1.0  1.0   0.0  0.0  0.0 
3  0.0 
e  1.0 -1.0   -0.5 -1.2 0.0  0.0 
H  1837.15263281 1.0  1.0   7.800000000000001   0.0  0.0 
H  1837.15263281 1.0  1.0   0.0  0.0  0.0 
3  0.0 
e  1.0 -1.0   -0.5 -1.2 0.0  0.0 
H  1837.15263281 1.0  1.0   8.0   0.0  0.0 
H  1837.15263281 1.0  1.0   0.0  0.0  0.0 
3  0.0 
e  1.0 -1.0   -0.5 -1.2 0.0  0.0 
H  1837.15263281 1.0  1.0   8.2   0.0  0.0 
H  1837.15263281 1.0  1.0   0.0  0.0  0.0 
3  0.0 
e  1.0 -1.0   -0.5 -1.2 0.0  0.0 
H  1837.15263281 1.0  1.0   8.4   0.0  0.0 
H  1837.15263281 1.0  1.0   0.0  0.0  0.0 
3  0.0 
e  1.0 -1.0   -0.5 -1.2 0.0  0.0 
H  1837.15263281 1.0  1.0   8.600000000000001   0.0  0.0 
H  1837.15263281 1.0  1.0   0.0  0.0  0.0 
3  0.0 
e  1.0 -1.0   -0.5 -1.2 0.0  0.0 
H  1837.15263281 1.0  1.0   8.8   0.0  0.0 
H  1837.15263281 1.0  1.0   0.0  0.0  0.0 
3  0.0 
e  1.0 -1.0   -0.5 -1.2 0.0  0.0 
H  1837.15263281 1.0  1.0   9.0   0.0  0.0 
H  1837.15263281 1.0  1.0   0.0  0.0  0.0 
3  0.0 
e  1.0 -1.0   -0.5 -1.2 0.0  0.0 
H  1837.15263281 1.0  1.0   9.200000000000001   0.0  0.0 
H  1837.15263281 1.0  1.0   0.0  0.0  0.0 
3  0.0 
e  1.0 -1.0   -0.5 -1.2 0.0  0.0 
H  1837.15263281 1.0  1.0   9.4   0.0  0.0 
H  1837.15263281 1.0  1.0   0.0  0.0  0.0 
3  0.0 
e  1.0 -1.0   -0.5 -1.2 0.0  0.0 
H  1837.15263281 1.0  1.0   9.6   0.0  0.0 
H  1837.15263281 1.0  1.0   0.0  0.0  0.0 
3  0.0 
e  1.0 -1.0   -0.5 -1.2 0.0  0.0 
H  1837.15263281 1.0  1.0   9.8   0.0  0.0 
H  1837.15263281 1.0  1.0   0.0  0.0  0.0 
3  0.0 
e  1.0 -1.0   -0.5 -1.2 0.0  0.0 
H  1837.15263281 1.0  1.0   10.0   0.0  0.0 
H  1837.15263281 1.0  1.0   0.0  0.0  0.0 
