4  0.0 
e  1.0 -1.0  -0.5 -1.2 0.0  0.0 
e  1.0 -1.0   0.5 -2.2 0.0  0.0 
H  1837.15263281 1.0  1.0   0.6   0.0  0.0 
H  1837.15263281 1.0  1.0   0.0  0.0  0.0 
4  0.0 
e  1.0 -1.0  -0.5 -1.2 0.0  0.0 
e  1.0 -1.0   0.5 -2.2 0.0  0.0 
H  1837.15263281 1.0  1.0   0.8   0.0  0.0 
H  1837.15263281 1.0  1.0   0.0  0.0  0.0 
4  0.0 
e  1.0 -1.0  -0.5 -1.2 0.0  0.0 
e  1.0 -1.0   0.5 -2.2 0.0  0.0 
H  1837.15263281 1.0  1.0   1.0   0.0  0.0 
H  1837.15263281 1.0  1.0   0.0  0.0  0.0 
4  0.0 
e  1.0 -1.0  -0.5 -1.2 0.0  0.0 
e  1.0 -1.0   0.5 -2.2 0.0  0.0 
H  1837.15263281 1.0  1.0   1.2000000000000002   0.0  0.0 
H  1837.15263281 1.0  1.0   0.0  0.0  0.0 
4  0.0 
e  1.0 -1.0  -0.5 -1.2 0.0  0.0 
e  1.0 -1.0   0.5 -2.2 0.0  0.0 
H  1837.15263281 1.0  1.0   1.4   0.0  0.0 
H  1837.15263281 1.0  1.0   0.0  0.0  0.0 
4  0.0 
e  1.0 -1.0  -0.5 -1.2 0.0  0.0 
e  1.0 -1.0   0.5 -2.2 0.0  0.0 
H  1837.15263281 1.0  1.0   1.6   0.0  0.0 
H  1837.15263281 1.0  1.0   0.0  0.0  0.0 
4  0.0 
e  1.0 -1.0  -0.5 -1.2 0.0  0.0 
e  1.0 -1.0   0.5 -2.2 0.0  0.0 
H  1837.15263281 1.0  1.0   1.8000000000000003   0.0  0.0 
H  1837.15263281 1.0  1.0   0.0  0.0  0.0 
4  0.0 
e  1.0 -1.0  -0.5 -1.2 0.0  0.0 
e  1.0 -1.0   0.5 -2.2 0.0  0.0 
H  1837.15263281 1.0  1.0   2.0   0.0  0.0 
H  1837.15263281 1.0  1.0   0.0  0.0  0.0 
4  0.0 
e  1.0 -1.0  -0.5 -1.2 0.0  0.0 
e  1.0 -1.0   0.5 -2.2 0.0  0.0 
H  1837.15263281 1.0  1.0   2.2   0.0  0.0 
H  1837.15263281 1.0  1.0   0.0  0.0  0.0 
4  0.0 
e  1.0 -1.0  -0.5 -1.2 0.0  0.0 
e  1.0 -1.0   0.5 -2.2 0.0  0.0 
H  1837.15263281 1.0  1.0   2.4   0.0  0.0 
H  1837.15263281 1.0  1.0   0.0  0.0  0.0 
4  0.0 
e  1.0 -1.0  -0.5 -1.2 0.0  0.0 
e  1.0 -1.0   0.5 -2.2 0.0  0.0 
H  1837.15263281 1.0  1.0   2.6   0.0  0.0 
H  1837.15263281 1.0  1.0   0.0  0.0  0.0 
4  0.0 
e  1.0 -1.0  -0.5 -1.2 0.0  0.0 
e  1.0 -1.0   0.5 -2.2 0.0  0.0 
H  1837.15263281 1.0  1.0   2.8000000000000003   0.0  0.0 
H  1837.15263281 1.0  1.0   0.0  0.0  0.0 
4  0.0 
e  1.0 -1.0  -0.5 -1.2 0.0  0.0 
e  1.0 -1.0   0.5 -2.2 0.0  0.0 
H  1837.15263281 1.0  1.0   3.0000000000000004   0.0  0.0 
H  1837.15263281 1.0  1.0   0.0  0.0  0.0 
4  0.0 
e  1.0 -1.0  -0.5 -1.2 0.0  0.0 
e  1.0 -1.0   0.5 -2.2 0.0  0.0 
H  1837.15263281 1.0  1.0   3.2   0.0  0.0 
H  1837.15263281 1.0  1.0   0.0  0.0  0.0 
4  0.0 
e  1.0 -1.0  -0.5 -1.2 0.0  0.0 
e  1.0 -1.0   0.5 -2.2 0.0  0.0 
H  1837.15263281 1.0  1.0   3.4000000000000004   0.0  0.0 
H  1837.15263281 1.0  1.0   0.0  0.0  0.0 
4  0.0 
e  1.0 -1.0  -0.5 -1.2 0.0  0.0 
e  1.0 -1.0   0.5 -2.2 0.0  0.0 
H  1837.15263281 1.0  1.0   3.6   0.0  0.0 
H  1837.15263281 1.0  1.0   0.0  0.0  0.0 
4  0.0 
e  1.0 -1.0  -0.5 -1.2 0.0  0.0 
e  1.0 -1.0   0.5 -2.2 0.0  0.0 
H  1837.15263281 1.0  1.0   3.8000000000000003   0.0  0.0 
H  1837.15263281 1.0  1.0   0.0  0.0  0.0 
4  0.0 
e  1.0 -1.0  -0.5 -1.2 0.0  0.0 
e  1.0 -1.0   0.5 -2.2 0.0  0.0 
H  1837.15263281 1.0  1.0   4.0   0.0  0.0 
H  1837.15263281 1.0  1.0   0.0  0.0  0.0 
4  0.0 
e  1.0 -1.0  -0.5 -1.2 0.0  0.0 
e  1.0 -1.0   0.5 -2.2 0.0  0.0 
H  1837.15263281 1.0  1.0   4.2   0.0  0.0 
H  1837.15263281 1.0  1.0   0.0  0.0  0.0 
4  0.0 
e  1.0 -1.0  -0.5 -1.2 0.0  0.0 
e  1.0 -1.0   0.5 -2.2 0.0  0.0 
H  1837.15263281 1.0  1.0   4.4   0.0  0.0 
H  1837.15263281 1.0  1.0   0.0  0.0  0.0 
4  0.0 
e  1.0 -1.0  -0.5 -1.2 0.0  0.0 
e  1.0 -1.0   0.5 -2.2 0.0  0.0 
H  1837.15263281 1.0  1.0   4.6   0.0  0.0 
H  1837.15263281 1.0  1.0   0.0  0.0  0.0 
4  0.0 
e  1.0 -1.0  -0.5 -1.2 0.0  0.0 
e  1.0 -1.0   0.5 -2.2 0.0  0.0 
H  1837.15263281 1.0  1.0   4.8   0.0  0.0 
H  1837.15263281 1.0  1.0   0.0  0.0  0.0 
4  0.0 
e  1.0 -1.0  -0.5 -1.2 0.0  0.0 
e  1.0 -1.0   0.5 -2.2 0.0  0.0 
H  1837.15263281 1.0  1.0   5.0   0.0  0.0 
H  1837.15263281 1.0  1.0   0.0  0.0  0.0 
4  0.0 
e  1.0 -1.0  -0.5 -1.2 0.0  0.0 
e  1.0 -1.0   0.5 -2.2 0.0  0.0 
H  1837.15263281 1.0  1.0   5.2   0.0  0.0 
H  1837.15263281 1.0  1.0   0.0  0.0  0.0 
